20
-0.649186 0.384357 0.271624
-0.649186 0.384357 0.271624
0.136409 -0.00752118 0.598423
0.136409 -0.00752118 0.598423
0.665577 -0.155543 -0.560692
0.665577 -0.155543 -0.560692
0.00512531 0.118194 -0.111105
0.00512531 0.118194 -0.111105
0.0894258 0.18767 -0.866836
0.0894258 0.18767 -0.866836
0.187344 0.568177 -0.243829
0.187344 0.568177 -0.243829
0.00372474 -0.00463092 -0.595997
0.00372474 -0.00463092 -0.595997
-0.145677 0.0700255 0.566681
-0.145677 0.0700255 0.566681
-0.0801079 0.153028 -0.479822
-0.0801079 0.153028 -0.479822
0.348919 -0.387263 -0.322967
0.348919 -0.387263 -0.322967
