100
0.174299 0.125012 -0.798848
0.123936 0.0303327 -0.0569193
-0.00428442 -0.00623047 -0.00665224
-0.369227 0.30717 0.158443
0.13155 -0.0713019 -0.477229
-0.0104589 0.0220362 -0.033732
-0.785621 -0.0353125 -0.0245503
0.444044 0.119388 -0.368495
-0.431642 -0.334778 -0.444778
-0.235362 0.156471 -0.158203
0.14517 0.0420923 -0.193442
0.0256644 -0.102164 -0.208318
0.228536 -0.389958 0.551591
0.576164 -0.498036 0.211826
0.10101 -0.0757383 0.344585
0.454926 -0.385081 -0.650779
0.0278474 -0.0647378 -0.0384161
0.0715113 0.171243 -0.245846
-0.290319 -0.168781 -0.868061
-0.00263766 -0.062346 -0.10944
0.102498 0.189997 -0.084051
0.0540748 0.340222 0.33735
0.010916 0.233138 -0.304796
0.743851 0.0762547 -0.426693
-0.142117 0.155951 0.0894322
0.570394 -0.0709366 0.281605
-0.28975 -0.0500062 -0.315353
-0.00421762 0.00516719 0.993813
-0.2231 0.659979 -0.61302
-0.0277408 0.205427 -0.0524011
0.392295 0.180032 0.689909
0.00695853 -0.0213862 -0.0170118
0.00827171 0.100562 -0.22316
-0.0611186 -0.00431119 0.100399
-0.164928 0.103152 -0.152285
-0.0737763 0.163628 0.335406
-0.0743731 -0.403528 0.636415
-0.0187634 -0.136869 0.162148
0.484153 -0.855574 0.0553376
-0.0156882 -0.0161484 0.76718
-0.143381 -0.210142 -0.239603
-0.298915 -0.327949 -0.104418
0.359706 -0.128262 -0.900851
-0.0713576 -0.396109 -0.315639
0.0509602 0.0812971 0.0860911
0.527798 0.0194152 -0.625104
-0.0718095 -0.000747034 -0.0743465
0.0351632 0.0804459 -0.054094
-0.225042 0.136759 0.192839
0.126922 0.41868 -0.381629
-0.0865458 0.394586 0.0944872
0.363648 -0.786921 -0.0642395
0.351933 0.193072 0.034278
0.031011 0.00763394 0.0784363
-0.0479215 -0.00462956 0.907198
-0.0531502 -0.047754 0.0502883
-0.076967 -0.0197078 -0.00178659
0.289761 -0.435718 0.15592
-0.312507 -0.567896 -0.377923
-0.0950565 -0.0678323 0.373701
-0.163287 -0.0263463 -0.482719
0.0128471 -0.0019366 0.00515475
0.246025 0.208455 0.309479
-0.256545 -0.10709 -0.763292
-0.0848466 0.117714 -0.281114
-0.0195761 -0.00812325 0.0750708
-0.1636 0.0508564 -0.907087
-0.0138653 0.146531 0.256987
-0.486629 0.500807 -0.0471037
0.001981 -0.232151 0.338513
0.793372 0.195304 0.535654
0.0108454 0.00486432 0.0447131
0.0327538 -0.0356322 0.353802
-0.0625811 0.725068 0.144004
-0.0793848 0.00853816 0.0107936
-0.404462 -0.237636 -0.246689
0.356811 -0.147661 0.134614
-0.34321 -0.0428835 0.104038
-0.608922 -0.666528 -0.418511
-0.146814 0.173527 -0.440562
-0.0396989 -0.0456914 -0.0305741
0.293279 0.282229 0.612425
0.00390361 -0.00336253 -0.168933
0.0102222 0.00832005 0.843307
0.229521 -0.0516001 -0.109604
0.135239 -0.0195913 0.313037
-0.0201021 0.114029 -0.370909
-0.678286 -0.125652 0.0560427
0.672965 -0.619972 -0.0875112
0.146516 -0.234888 0.131606
0.181059 0.609881 0.126011
-0.022983 0.166581 -0.45924
0.167497 -0.00865548 0.063639
-0.405101 -0.132476 0.844288
0.0489863 0.708498 -0.061194
0.046642 0.0108011 -0.500845
0.0932519 0.0456868 0.134699
0.0358151 -0.272505 -0.748164
0.208849 -0.130482 0.224046
-0.277445 0.320874 0.344849
